_version.3D31.2.10.0.26coreVersion.3Dqemu2.25202.12.0 = 1659259490
_version.3D32.1.11.0.26coreVersion.3Dqemu2.25202.12.0 = 1679474160
